[-138, -1078, -29]
[-1346, 57, -25]
[-1346, 104, -1267]
[-2422, 170, -13]
[-1211, -1093, -1333]
[-2431, -1181, -133]
[-2584, 1280, -138]
[-1352, -1013, -2478]
[-1200, -2242, -2507]
[-1233, -1018, -3745]
[-32, -1112, -1332]
[-28, -2229, -1376]
[-171, -3479, -1299]
[1190, -1094, -1235]
[2399, -1125, -1207]
[2391, -1025, -23]
[2352, 180, -6]
[3529, -1044, 8]
[2237, -1134, 1158]
[-2510, 86, -1351]
[1036, -1056, -1]
[-167, -2408, -2416]
[1206, -2338, -2536]
[1057, -3544, -2543]
[-2521, -1192, -1367]
[-2428, -2365, -1373]
[-2527, -3417, -1339]
[-2538, -3442, -2459]
[-3693, -2274, -1367]
[-47, 83, -1242]
[-30, 1297, -1357]
[-105, 2547, -1207]
